20
2 5
0.600000 0.600000
1 20
1.000000
3 4
1.000000 0.900000 0.100000
3 5
0.113302 0.136709 0.116069
2 3
0.999998 0.999999
2 4
0.000002 0.000006
3 42
0.000010 0.000004 0.000001
3 10
0.127465 0.860357 0.039902
3 10
0.828957 0.179841 0.864570
3 4
0.999999 1.000000 0.515174
3 42
0.999999 1.000000 0.999998
2 7
0.012077 0.986529
3 17
0.564069 0.465805 0.337509
2 60
0.719669 0.083370
1 3
0.000010
3 10
0.920190 0.883121 0.180267
1 4
1.000000
2 7
0.853424 0.178322
3 100
0.748251 0.787207 0.912782
2 5
0.369700 0.064458
