20
2 5
0.600000 0.600000
1 20
1.000000
3 4
1.000000 0.900000 0.100000
3 42
0.000007 0.000001 0.000008
2 4
0.000004 0.000008
1 3
0.000004
3 10
0.039320 0.857358 0.018096
3 10
0.914073 0.847135 0.058981
3 10
0.981425 0.049342 0.865515
2 5
0.104838 0.964904
3 42
0.999999 0.999998 0.999999
2 3
0.999999 0.999998
3 4
0.999999 1.000000 0.565250
2 7
0.809571 0.112315
2 60
0.949979 0.450145
1 4
0.999998
3 17
0.640920 0.256156 0.491186
3 5
0.878714 0.951580 0.389808
3 100
0.002531 0.444743 0.376630
2 7
0.105547 0.895137
