100
2
0 1
0 2
3
2 2
0 0
4 4
1
1 1
5
0 5
0 1
1 1
4 7
5 6
10
11 19
0 6
0 9
13 14
7 15
10 17
0 15
5 7
2 4
9 16
5
278 463
333 1129
292 620
176 1200
130 1314
7
602 1116
180 1608
242 360
428 705
72 1594
214 216
2 22
2
0 1
2 4
7
1 5
4 10
7 8
6 12
0 2
11 13
3 9
8
3 7
0 14
7 13
9 11
0 2
6 7
11 14
0 2
2
0 2
1 2
8
0 8
0 4
0 4
0 1
0 4
0 15
0 6
0 5
10
9 10
3 17
0 14
8 16
2 4
11 19
6 18
5 15
1 12
7 13
2
0 1
0 3
10
0 9
0 1
0 3
0 7
0 2
0 9
0 5
0 4
0 8
0 19
7
2 3
7 11
5 9
8 9
3 7
5 7
0 1
3
2 2
0 2
0 2
7
317 1548
983 1044
802 1682
44 1276
235 1039
798 845
39 1680
9
7 14
8 9
2 8
0 3
13 15
2 13
13 16
0 6
5 9
3
2 2
0 2
4 5
2
1 1
0 1
2
0 2
2 3
4
0 4
0 4
0 1
0 7
9
13 17
5 16
1 7
9 9
2 6
8 14
0 3
1 14
9 13
5
0 9
0 2
0 5
0 1
0 3
9
3 7
11 15
1 14
4 6
13 14
0 1
11 14
6 10
0 9
2
0 3
1 3
9
12 16
12 12
0 1
9 17
6 10
1 7
4 5
4 11
5 12
1
0 1
6
3 5
0 1
7 8
5 8
5 8
1 2
7
1 5
4 8
9 9
1 12
1 13
3 5
7 11
2
0 1
2 3
10
0 2
0 8
0 7
0 3
0 6
0 1
0 2
0 5
0 19
0 10
5
4 5
0 3
8 8
2 6
1 3
3
3 4
0 4
0 3
10
2001 2001
2001 2001
2001 2001
2001 2001
2001 2001
2001 2001
2001 2001
2001 2001
2001 2001
2001 2001
9
0 3
0 5
11 13
10 11
4 15
14 15
0 7
0 4
9 10
3
1 1
1 1
0 1
10
0 0
0 0
0 0
0 0
0 0
0 0
0 0
0 0
0 0
0 0
9
0 4
0 7
0 17
0 2
0 4
0 2
0 3
0 9
0 1
10
15 18
1 5
2 11
12 16
6 13
5 6
0 4
1 5
4 11
17 19
4
0 7
1 1
4 5
4 6
10
634 856
449 1359
97 1037
912 1622
342 344
373 735
210 729
27 45
1310 1442
613 1001
8
5 11
0 2
5 9
0 3
11 14
3 7
5 11
5 14
6
0 3
0 3
3 3
8 9
10 11
4 7
6
10 11
0 4
7 8
0 1
0 4
7 8
8
6 11
13 14
2 13
7 11
0 11
5 7
0 1
0 8
9
9 11
4 16
6 7
0 17
1 7
4 12
1 7
11 16
3 14
3
1 2
0 2
4 4
3
1 3
0 2
4 5
3
1929 1936
1156 1264
635 708
7
1 9
0 1
6 11
7 8
1 5
9 10
5 7
4
3 4
4 6
0 1
3 6
9
12 15
10 10
0 2
3 6
13 16
1 6
5 17
6 8
4 10
8
659 1744
249 258
1810 1920
1490 1757
629 657
569 1160
303 929
845 1113
9
8 12
0 11
6 16
1 2
12 13
1 6
2 5
12 16
8 11
3
3 3
2 3
0 2
4
0 3
0 7
0 1
0 2
3
0 3
4 4
0 2
1
597 1279
5
5 8
1 1
0 6
6 6
2 3
7
17 18
701 813
156 1370
703 1695
382 710
327 896
449 1661
2
2 3
0 1
4
517 1375
64 262
1546 1732
149 480
9
12 13
6 7
2 13
0 4
15 17
0 0
10 13
3 7
8 10
2
0 2
1 3
10
608 650
401 686
80 1700
56 412
473 1469
818 940
717 1110
636 1367
109 372
1471 1788
10
1387 1702
94 135
86 121
274 661
220 483
858 1134
802 1416
96 360
715 1941
804 871
1
0 2
9
2 5
11 12
0 5
14 17
4 10
2 9
1 2
12 16
5 12
10
6 7
10 17
0 5
4 16
12 13
1 2
0 12
8 16
14 17
7 15
10
17 18
2 3
5 9
0 12
8 12
8 11
0 6
3 11
7 12
16 17
2
1 2
0 1
5
2 3
1 7
5 6
5 7
0 8
3
0 3
2 4
0 4
3
537 1531
714 1186
31 229
2
1 1
0 1
7
0 5
3 13
7 10
0 4
9 10
7 10
2 3
2
2 2
0 0
7
0 0
4 4
7 9
11 12
0 5
2 10
6 12
2
0 2
1 1
6
2 4
9 10
0 2
3 6
5 8
3 10
2
0 1
0 3
9
0 3
0 4
0 17
0 7
0 7
0 6
0 6
0 1
0 4
6
2 9
7 7
3 6
9 9
0 0
2 6
4
0 2
0 4
0 7
0 1
5
1 6
2 7
3 4
0 7
6 6
3
0 3
0 3
2 3
3
0 5
0 1
0 3
10
1641 1860
108 1039
1129 1467
1104 1828
176 358
136 166
6 934
534 1656
188 544
33 80
8
8 8
1 4
5 6
0 5
14 14
7 8
0 3
5 11
5
0 1
0 5
0 2
0 9
0 3
5
4 6
4 9
0 7
2 6
0 1
10
0 14
4 6
12 15
5 14
6 17
1 17
1 8
8 8
11 14
1 6
2
1 2
0 3
5
7 8
0 1
4 5
5 8
1 2
5
1 7
3 3
0 2
3 5
3 5
5
0 4
5 9
0 3
0 4
7 8
8
7 13
3 12
2 4
1 6
0 8
5 14
8 13
7 8
5
0 5
0 9
0 1
0 5
0 2
