40
10 1 4 1 2
4 6 1
6 9 2
12 1 2 4 1
6 12 1
20 1 3 20 5
0 4 5
4 8 4
8 12 3
12 16 2
16 20 1
12 1 2 2 1
6 12 1
12 1 2 3 1
6 12 1
12 1 2 5 1
6 12 1
12 1 2 6 1
6 12 1
100 3 7 5 1
0 100 10
100 1 10 1 20
0 5 40
5 10 50
10 15 40
15 20 50
20 25 40
25 30 50
30 35 40
35 40 50
40 45 40
45 50 50
50 55 40
55 60 50
60 65 40
65 70 50
70 75 40
75 80 50
80 85 40
85 90 50
90 95 40
95 100 45
1 3 4 1 1
0 1 5
100 2 3 1 1
47 100 4
100 18 19 1 20
4 6 4
6 7 25
7 8 13
11 14 16
14 18 14
18 19 1
21 25 28
25 26 18
26 27 17
36 37 3
51 53 6
53 55 25
59 60 24
60 61 15
65 70 12
74 77 24
78 81 22
88 90 12
90 94 7
94 95 13
100 1 2 43 20
0 3 1
3 4 1
4 6 3
12 17 2
19 20 2
25 28 2
34 38 1
53 55 2
55 56 1
56 57 2
58 60 3
67 69 2
69 73 3
73 78 1
78 80 1
81 85 1
88 90 2
90 91 3
91 93 1
93 94 2
100 1 2 61 20
0 3 2
3 4 3
6 8 2
8 9 2
12 19 2
23 24 2
25 29 3
29 30 2
35 38 2
38 40 2
51 54 1
59 62 3
62 63 1
63 64 1
64 67 2
67 71 2
78 79 2
86 88 3
90 91 1
91 94 2
100 1 3 100 20
1 2 1
3 8 1
21 23 1
23 28 3
28 34 3
40 44 3
45 46 1
47 52 3
59 61 2
61 62 3
63 65 2
65 66 3
66 67 1
67 68 3
71 79 3
79 82 3
84 85 3
90 91 3
93 94 3
94 100 1
97 1 2 42 12
19 20 2
27 28 1
28 33 1
33 40 1
40 50 1
50 51 2
57 58 1
60 63 2
63 66 2
71 77 1
82 83 2
83 97 2
60 7 100 1 16
4 5 25
5 7 28
7 16 30
16 17 8
17 19 52
23 27 100
27 28 22
28 30 18
31 34 68
37 38 3
38 44 48
44 49 67
50 53 49
53 54 30
54 56 89
58 60 33
100 27 52 1 20
14 15 17
15 19 59
27 28 60
29 30 5
30 32 81
33 34 40
46 47 55
48 50 82
50 53 89
64 65 59
65 66 40
67 68 62
70 71 29
71 73 82
73 76 90
76 78 47
85 87 33
87 93 20
96 99 38
99 100 34
100 1 9 12 20
1 3 5
16 18 3
22 24 9
24 25 7
25 37 7
39 40 2
44 46 7
46 49 1
49 50 5
50 57 3
57 59 6
61 67 8
67 70 7
80 81 3
81 83 8
83 84 2
85 90 3
90 92 5
93 96 7
97 98 3
100 2 3 35 20
0 1 1
3 4 1
4 8 2
8 10 1
11 13 1
21 22 2
24 25 2
29 31 2
39 40 2
47 49 3
49 61 3
65 68 3
68 69 1
69 71 1
71 72 2
75 77 3
77 78 3
78 80 2
86 90 2
92 93 1
100 6 11 100 20
0 2 3
2 5 6
15 16 9
16 18 10
20 25 2
25 26 8
28 32 4
32 35 12
35 37 14
37 40 6
43 51 11
51 52 2
53 58 7
69 71 2
71 74 7
78 80 13
80 81 3
81 82 14
83 84 1
99 100 1
53 1 2 22 5
1 9 2
9 14 2
14 19 1
22 26 2
34 42 1
91 40 100 1 8
21 25 27
25 33 78
33 45 7
65 78 100
78 80 31
80 88 59
88 89 64
89 91 92
100 37 53 1 20
0 1 19
1 4 32
4 7 38
9 13 16
15 18 21
18 25 51
27 30 4
34 35 20
35 37 30
37 39 42
40 41 49
49 51 36
60 61 43
61 62 35
66 73 29
75 79 11
85 86 2
87 93 58
95 96 41
99 100 10
100 2 6 14 20
3 4 8
11 12 1
12 13 7
13 14 6
18 19 10
21 22 4
22 23 7
24 27 3
27 29 6
29 30 4
30 35 6
37 41 2
43 45 9
45 47 4
55 59 2
68 70 4
71 72 4
72 73 3
76 80 5
90 92 2
100 3 4 19 20
3 10 1
10 14 5
17 18 3
18 20 6
20 23 1
26 31 6
31 32 1
36 39 3
41 42 5
44 46 4
52 57 1
57 63 6
65 68 4
75 80 5
80 82 3
82 84 5
86 88 4
89 90 3
92 97 6
97 98 3
100 1 9 100 20
1 2 7
2 4 8
4 6 4
9 10 2
12 18 1
18 19 7
19 22 10
22 23 3
32 33 2
33 38 11
38 39 11
43 46 2
46 48 8
50 52 3
52 53 2
59 62 1
68 70 6
85 93 3
95 96 9
96 100 9
76 1 2 36 14
4 6 2
6 7 2
7 12 1
16 17 1
17 28 1
29 30 1
30 31 2
31 35 1
41 44 1
44 46 1
58 59 2
60 61 2
61 71 1
71 72 1
57 15 100 1 11
0 1 1
4 7 99
14 17 67
21 22 6
22 24 63
28 31 28
31 32 37
32 35 45
40 46 86
49 50 13
52 57 17
58 2 3 12 9
11 15 3
15 24 3
24 26 2
26 30 2
30 35 3
35 42 3
42 53 1
53 54 1
54 58 2
82 1 2 20 17
21 24 2
24 26 8
26 28 6
28 41 8
41 50 8
50 51 5
51 53 6
53 56 4
56 59 4
59 60 1
60 62 3
62 63 1
63 64 1
64 65 5
65 68 15
68 77 14
77 80 11
99 1 2 38 2
43 63 3
81 99 3
54 3 4 11 4
13 32 1
32 36 1
36 40 1
40 53 9
66 3 7 7 16
0 1 8
4 6 1
9 14 6
14 17 2
17 22 10
22 23 7
23 25 3
25 26 3
26 28 6
33 36 3
43 44 9
44 47 4
47 52 14
52 54 4
57 61 1
64 66 11
69 16 69 1 12
4 9 19
9 11 27
13 19 19
20 22 3
22 23 23
23 27 59
27 28 14
43 44 61
44 45 26
57 58 23
58 60 47
63 65 71
66 18 22 2 12
7 12 12
20 21 4
21 26 18
26 27 22
34 36 13
39 42 21
42 43 1
43 46 5
46 47 5
47 52 18
52 53 3
60 66 23
92 1 2 38 15
1 2 3
2 7 1
9 10 3
12 14 2
14 16 1
18 20 2
20 24 1
28 31 3
32 40 3
47 50 2
57 58 1
58 59 2
65 73 1
77 79 1
84 90 2
53 14 43 1 8
7 10 7
13 21 15
21 25 43
25 29 21
31 35 50
35 37 54
46 47 45
47 50 58
72 34 56 1 10
3 5 45
5 8 7
12 16 43
16 17 8
36 42 8
42 50 34
50 51 4
52 55 41
56 71 9
71 72 22
96 14 18 2 19
6 9 18
9 10 27
10 11 43
11 27 8
31 32 19
32 41 47
41 44 43
44 45 45
45 50 25
50 56 51
56 60 10
60 73 12
73 75 30
75 80 41
80 83 22
83 89 45
89 94 38
94 95 8
95 96 26
