40
10 1 4 1 2
4 6 1
6 9 2
12 1 2 4 1
6 12 1
20 1 3 20 5
0 4 5
4 8 4
8 12 3
12 16 2
16 20 1
12 1 2 2 1
6 12 1
12 1 2 3 1
6 12 1
12 1 2 5 1
6 12 1
12 1 2 6 1
6 12 1
100 3 7 5 1
0 100 10
100 1 10 1 20
0 5 40
5 10 50
10 15 40
15 20 50
20 25 40
25 30 50
30 35 40
35 40 50
40 45 40
45 50 50
50 55 40
55 60 50
60 65 40
65 70 50
70 75 40
75 80 50
80 85 40
85 90 50
90 95 40
95 100 45
1 1 4 1 1
0 1 5
100 6 7 1 1
7 100 4
100 11 12 1 20
9 15 37
15 19 21
29 30 35
31 33 28
41 45 18
45 47 28
58 59 10
60 63 6
63 64 24
71 72 36
77 78 24
78 80 23
81 83 13
83 85 39
85 87 20
87 88 4
88 89 16
89 90 27
97 98 8
98 99 24
100 1 2 40 20
5 6 4
6 11 2
11 16 3
16 18 3
21 22 5
22 24 3
24 27 4
40 41 5
50 51 2
56 59 4
60 64 2
64 65 4
66 69 2
69 70 4
80 81 3
85 86 5
86 87 3
90 93 5
93 94 1
95 96 4
100 2 7 23 20
7 8 9
8 9 2
9 14 5
14 16 4
17 19 1
20 21 2
22 23 4
23 26 7
30 33 8
36 45 5
51 52 2
52 53 4
58 60 5
60 64 2
64 69 8
71 77 2
82 86 3
89 92 5
96 98 3
98 100 6
100 1 3 100 20
2 5 2
5 10 3
13 15 3
15 16 2
16 17 2
17 18 2
20 21 2
21 25 3
26 27 2
35 36 1
37 38 3
40 42 3
45 47 1
47 49 2
53 54 2
65 70 3
77 79 2
79 82 1
87 90 3
98 100 1
59 1 2 28 12
0 1 2
10 13 1
13 14 2
24 29 1
37 38 2
38 39 2
39 40 2
42 44 1
50 53 1
53 56 1
56 58 2
58 59 1
65 22 100 1 4
2 16 79
30 43 97
46 64 15
64 65 12
100 1 2 9 20
2 4 2
4 13 4
20 21 3
21 22 4
23 24 2
32 34 2
37 38 2
41 42 2
42 44 2
51 55 1
61 62 3
62 64 1
65 67 4
67 69 4
70 71 4
71 73 2
85 90 3
90 93 1
93 95 1
95 98 3
100 2 18 7 20
0 1 8
1 6 2
22 23 15
26 27 12
27 30 2
33 36 1
36 37 15
37 38 13
38 40 12
43 44 14
44 45 2
45 48 3
48 55 2
55 59 2
62 64 13
66 67 15
76 78 4
79 86 11
86 87 16
94 97 16
100 3 9 25 20
0 2 6
2 3 3
3 4 2
4 11 1
12 14 3
16 23 2
23 24 1
24 26 2
31 32 1
32 33 2
39 45 5
49 50 2
50 53 5
53 54 9
66 69 8
74 78 8
85 86 6
86 87 4
88 89 3
98 99 9
100 2 3 100 20
4 7 1
13 16 2
16 17 3
17 18 2
18 19 3
19 22 1
33 36 2
36 37 3
40 43 2
48 52 3
54 55 1
55 57 3
63 64 2
78 81 1
81 84 1
86 87 3
87 88 2
94 96 3
96 99 3
99 100 1
90 1 2 33 8
19 54 2
54 60 2
60 61 1
61 63 1
63 74 2
74 79 1
79 85 2
85 87 2
92 1 100 1 4
18 20 34
20 40 31
40 71 93
71 75 16
100 13 40 1 20
2 3 44
4 17 54
17 22 12
25 26 57
30 31 22
37 38 8
38 40 38
40 42 56
42 45 12
56 61 16
61 63 29
63 64 35
64 66 52
66 67 54
67 69 7
69 72 12
72 73 15
74 76 11
79 85 31
85 88 33
100 8 60 1 20
11 12 85
12 20 82
20 21 50
21 28 50
39 43 82
44 45 66
45 47 12
47 50 12
50 52 79
52 56 76
62 63 26
65 66 54
75 76 76
76 77 33
77 78 12
79 81 82
84 87 3
87 91 6
95 96 61
98 100 5
100 2 3 30 20
6 7 1
8 14 3
14 15 2
19 21 1
21 24 1
38 39 3
43 47 1
52 53 1
53 58 1
58 59 2
60 61 1
61 65 3
65 70 2
70 71 3
71 73 2
73 74 1
75 81 3
89 91 3
91 92 2
93 95 1
100 3 7 100 20
0 4 1
7 10 4
10 12 3
12 13 2
13 16 5
16 23 5
23 25 5
25 26 6
26 28 6
28 31 4
31 32 7
44 47 2
52 53 7
53 54 1
65 67 5
68 74 6
76 77 6
87 96 1
96 97 6
97 100 4
59 1 2 27 3
1 21 1
26 28 2
43 59 1
80 35 100 1 1
27 34 6
71 1 3 14 8
3 5 5
5 8 6
17 27 10
29 37 2
37 43 2
43 54 4
63 64 7
64 70 10
84 31 66 1 2
7 32 58
58 84 60
53 12 15 3 19
1 3 3
3 4 19
4 5 6
5 6 5
7 8 10
9 11 16
14 16 15
17 19 7
19 22 3
22 25 6
32 33 6
33 35 14
35 38 19
38 39 3
40 41 14
41 43 11
47 49 3
49 50 14
51 53 3
87 9 12 7 1
21 87 1
71 1 2 23 4
4 7 7
7 26 8
26 32 5
65 71 2
50 1 4 10 1
14 50 2
71 5 9 5 4
8 19 4
25 41 17
41 44 7
44 48 10
95 1 3 31 20
3 4 3
5 8 2
8 10 2
10 12 1
12 13 1
13 17 2
21 22 1
41 42 2
43 45 3
45 47 1
47 50 1
53 54 1
54 55 2
55 56 3
56 66 2
66 67 3
79 80 1
84 87 2
90 94 3
94 95 3
64 1 3 18 19
0 1 1
1 3 1
5 6 4
6 7 5
7 9 1
9 10 3
12 14 5
14 15 3
15 17 5
25 27 1
30 31 3
31 32 2
36 37 3
39 41 4
41 45 3
45 50 1
50 53 3
53 56 4
59 61 4
86 27 42 1 18
3 11 7
11 15 62
18 22 3
22 24 2
27 28 33
28 31 66
33 40 37
40 42 64
42 46 33
46 50 29
50 51 2
51 57 30
57 58 31
64 66 42
66 68 22
68 75 56
75 76 69
76 86 44
72 1 3 19 18
1 2 2
2 5 3
12 14 1
14 16 4
16 18 1
18 21 1
21 26 4
26 28 2
28 31 3
41 43 2
43 45 1
45 51 3
51 55 1
63 66 3
66 67 1
67 69 1
69 70 3
70 71 3
