20
6 7 2
1111111
1122271
1211521
1329131
1242121
1122211
3 3 7
123
234
345
10 10 29
8172643783
5880858682
6037902969
0639094382
8527622492
8541534750
8581692043
4388061422
8092447832
0298569884
10 10 16
0875262519
3771179637
2059823937
0561072104
2248933043
3403398422
4012701650
7393289502
7369711773
9152625780
10 10 25
3473473553
4784684775
0240341341
3463462363
5584684794
1251141231
2463453562
4594594784
1230250241
2462362572
10 10 61
0764960674
2353367390
4369291856
8735423612
2357905664
7075126401
0896550911
3371261827
2102834484
6047624935
10 10 60
6849137518
4610277012
1166340109
8579242713
6124396398
8936934216
3172429758
9010436611
2107720164
8157319486
10 10 38
9521293331
7324285125
9545356353
1153256345
0546665554
1752544526
4863355155
9566465536
1962434536
7075365357
3 3 40
000
000
000
10 10 100
9999999999
9999999999
9999999999
9999999999
9999999999
9999999999
9999999999
9999999999
9999999999
9999999999
3 3 59
614
894
073
10 10 63
8782370681
1168063978
7324037347
5641048835
3310496322
2236940133
5388401465
7437304237
8793608611
1860732878
10 10 55
2145183948
7601799309
2394422797
1297727211
0881170232
2573127597
3294986607
8378687820
2670984763
4155563125
10 10 92
1402503501
4624634524
5956857846
1413513412
4525725633
5956847755
2312402413
4623734624
6956956756
2303302502
10 10 67
9315104211
0621808146
6273705217
6119122492
3518294221
3612712507
3244641808
8811896379
2276496772
9173786831
10 10 31
0350796490
9940998197
5545517604
3467546925
4465344074
5443557127
6456352736
4643629548
9648364077
9409803296
10 10 55
9263582813
0177374093
7601704407
0996247748
2519469088
6576946386
3072829595
5126363491
4591185035
8656140299
10 10 100
7099505979
0493284592
5536939033
0232185874
9991219988
3659264367
6612120620
2111265155
1018164510
2093207489
10 10 7
7691806229
2617616026
2264454455
1445264648
3648334830
8745672342
9638352849
3263183465
9324454460
7566683032
10 10 52
8812611627
2933588120
2425560056
1352714898
5270748863
8092650655
5700973562
6345640428
9289444431
9881008376
