20
6 7 2
1111111
1122271
1211521
1329131
1242121
1122211
3 3 7
123
234
345
3 3 36
000
000
000
10 10 20
9503806223
5138020553
2261565014
1212692246
7982904969
4822990712
3245626050
7427737133
3937458449
6733425322
10 10 53
6499926925
2225747912
9734343530
1062735767
3545454522
5455455408
3536563594
0545454554
6634643655
9046355060
10 10 100
0532300829
4924250721
5126479834
3317597531
6928556648
9901561644
3874741616
7951806680
4796173259
8897563626
10 10 88
4113013024
6245245335
8478568457
5134134113
6346356355
8577558468
4024115134
6347346246
7478467577
4023115135
10 10 10
0741655743
7454444290
6446644528
4515423454
4564545392
5263662655
5333243503
4546447500
5363373884
3185383265
10 10 99
4134124024
5356246345
9458578578
5035024134
6246345257
8468459478
5023124025
5347247345
7478557467
5124023024
10 10 94
1565691642
6701977496
9603144834
2963491835
9153819436
6343844130
8469477910
8724619656
5007522985
9993813303
10 10 100
9999999999
9999999999
9999999999
9999999999
9999999999
9999999999
9999999999
9999999999
9999999999
9999999999
10 10 16
2562563452
4684685584
1141241130
2353553353
4584584695
1241150240
3463553462
5775684585
0150241251
2472472562
10 10 48
6134627544
2526537515
0474262663
2447626754
2654442436
5556365465
5525462736
9427535634
3747443633
3312295967
10 10 16
5073526365
6665679368
4123991922
0253505150
7188339195
5919338817
0515053520
2291993214
8639765666
5636253705
10 10 35
2572228750
0355354450
9144542534
8153435535
6447545474
5055634575
0653533635
0655342345
2264456342
1687932870
10 10 78
8623221174
7544654484
5434862461
3506071730
6574718162
3445572836
5756536359
4245045449
4636482630
1445644508
10 10 48
7473087268
6555650023
1008267398
2849379097
1836394528
0301327176
1968005126
9342201673
6896941878
7983903428
10 10 30
9082193004
2482532724
0110705353
8579797984
5893879871
1789783985
4897979758
3535070110
4272352842
4003912809
10 10 93
4588822994
9933100759
5894554543
2042745844
8038235153
5345165274
8045443554
6954433335
2254476345
1424456444
3 3 85
367
812
779
