20
6 7 2
1111111
1122271
1211521
1329131
1242121
1122211
3 3 7
123
234
345
10 10 95
8303764919
9158688056
4662614408
8811207690
7014893610
5561852293
2814934826
9982474955
1030315854
3744330844
10 10 22
5192524696
3956162219
6691648964
9274151404
8349846123
6012261679
9838191613
0974527899
3507269518
6272181445
10 10 98
2315306745
2279780096
2971993205
0301833607
3412393412
2432521041
7467862354
3894345607
8531785009
1860566891
10 10 100
4207706576
5587732391
2416665970
3346018975
7495311542
6967535224
2886488497
9734465512
7716689223
6534395336
10 10 15
0258907802
4020047894
3175084369
9934746637
0774998680
1310010569
6881276131
8505997955
9800104172
0520757582
10 10 51
5873564392
8853374555
0064715269
5052484453
6556353451
2934738432
2624526401
4665071649
9701724375
5220418149
10 10 100
9999999999
9999999999
9999999999
9999999999
9999999999
9999999999
9999999999
9999999999
9999999999
9999999999
10 10 35
3117753602
4660299541
6527541167
1014108389
2448272629
0262728444
9838014102
1611457250
2459920661
2204033832
10 10 10
6855746947
2313512412
4535625535
6855846946
3302402513
4623623633
6855945846
2513403411
5634635723
7856856955
10 10 2
6455354679
4625251588
4656464539
2336545327
0544665691
0543233694
2143735984
6804413734
9305076905
5484390608
10 10 90
0829346544
5665636475
0524547433
0004429284
1925545236
3665646555
7499456432
8110079577
6032763757
5246359278
10 10 73
4117527928
6721627431
6933843320
8839581493
2626708644
7230747271
2796646786
2226918972
3477743672
7106962662
10 10 21
3196486987
0276224026
4783734634
9144753734
5255245356
3836455274
5845635643
3565343455
6533755743
6893465534
3 3 57
506
275
178
10 10 24
5624734624
6946847845
2313412302
5534533523
5856755847
1403412302
4624533623
6746856956
3312502502
3635634525
10 10 40
9542563862
3626274980
6365825815
4756174837
3637574294
6534345729
3636253946
9481641363
9860783565
4185981405
3 3 26
000
000
000
10 10 91
5902319615
3875652629
3861984187
9157150311
6712181323
3231812176
1130517519
7814891683
9262565783
5169132095
