100
3 1 5 15 13 11
3 0 8 23 22 21
3 0 8 18 24 12
3 1 2 3 2 3
2 0 6 15 14
2 2 6 19 21
2 1 8 14 29
2 1 3 22 29
2 2 3 7 26
2 0 10 30 24
2 1 3 30 25
3 0 7 19 3 18
1 0 10 27
1 0 9 23
2 1 9 24 24
3 0 10 13 20 0
1 1 9 9
3 0 3 15 7 9
2 2 5 11 15
3 1 7 29 18 18
3 2 3 24 4 11
3 0 8 9 20 21
1 1 7 2
1 0 10 26
1 1 5 20
3 1 1 23 21 8
1 0 10 11
1 0 3 22
2 0 6 14 14
2 0 3 5 6
3 2 7 11 28 29
2 1 10 14 0
2 0 10 28 23
1 0 2 25
3 0 10 22 7 23
3 2 4 9 8 8
2 0 3 30 6
1 0 1 24
2 0 1 0 0
3 0 1 5 25 21
3 0 8 30 21 21
3 0 8 22 21 21
1 0 6 29
2 0 2 24 17
2 0 0 4 23
1 0 6 15
1 1 6 19
1 0 0 30
1 0 5 11
3 3 6 13 4 21
1 0 9 23
2 0 5 11 12
1 1 9 11
3 3 7 28 26 25
3 0 8 21 20 28
3 2 0 21 19 17
2 0 8 30 1
2 1 6 14 14
3 1 10 10 14 27
3 0 0 0 0 0
2 1 5 12 11
1 0 6 14
3 1 10 27 16 26
2 0 7 18 17
1 0 2 1
2 0 6 24 15
1 0 2 10
1 1 0 8
2 0 9 23 23
3 1 7 12 8 29
2 0 0 28 17
1 0 9 30
1 1 10 26
1 1 2 12
2 1 9 4 16
2 1 8 10 14
1 0 8 20
2 2 3 5 22
1 0 9 23
3 0 7 17 19 28
3 3 4 13 17 25
1 0 2 3
1 0 10 30
2 0 10 7 3
1 0 7 18
2 0 5 24 12
3 0 2 1 27 8
3 0 7 14 17 27
3 3 2 25 20 16
1 0 5 30
3 3 9 15 6 22
1 1 7 16
2 1 1 0 19
3 0 1 25 26 7
2 2 10 2 5
1 1 6 7
1 0 7 3
3 0 5 11 12 10
3 0 6 12 10 8
2 1 6 18 29
