100
2
10 11
3
0 9 9
4
81 67 83 86
3
11 22 30
1
0
1
5
1
999999
1
1000000
2
5 10
3
0 10 11
5
10 20 21 22 23
5
422808 211404 761062 845625 491519
5
72 40 51 38 9
5
48 20 21 20 51
5
21 82 74 62 68
5
16 48 22 62 62
5
93 59 24 69 11
5
100 18 88 43 64
5
67 26 58 23 5
5
53 28 89 27 92
5
29 51 41 21 31
5
74 38 7 39 7
10
27 74 1 79 3 40 89 87 97 70
10
68 83 52 77 33 73 50 9 23 77
10
36 0 57 17 82 36 14 37 99 65
10
26 33 27 96 16 65 58 87 9 36
10
56 97 73 26 92 25 10 79 35 21
10
47 2 56 31 73 38 10 61 76 34
10
80 97 52 21 90 20 2 71 45 37
10
1 30 5 6 41 51 62 64 50 96
10
99 86 19 19 55 43 52 78 19 86
10
71 18 90 81 78 46 97 22 74 94
5
893475 818762 988449 893589 851492
5
825042 856197 861599 800622 892216
5
862415 824501 879723 930338 957122
5
839628 821010 825136 931471 943377
5
827437 959966 855804 875718 899621
5
958697 994227 882272 855858 895577
5
891588 961578 950139 988322 853036
5
868255 826670 822927 823763 854880
5
975504 812053 999736 803725 955292
5
969525 869032 902917 803238 948481
10
855794 926944 914488 883009 842780 843763 906253 967173 956711 933791
10
995728 835570 874104 937016 949420 842665 963383 965939 974961 947916
10
933561 897088 955198 842518 964520 830209 946384 930812 885539 858629
10
983207 928834 812456 881140 864943 986398 890321 981891 937893 939445
10
863487 928102 994536 885657 994813 990772 808811 852067 805148 870592
10
896376 837488 908739 943794 809277 942526 824380 925167 888207 989259
10
859558 868556 805776 867884 988673 918397 866637 921567 973485 897708
10
825897 845988 993265 891718 810992 848688 881836 820504 851931 878926
10
948488 994985 985775 917266 852544 939339 930890 890107 868818 973661
10
842691 842810 805401 953432 946591 848055 804587 883823 978383 981462
10
870853 870412 862359 62 815493 898978 41 1 57 55
10
946628 988980 895244 79 87 48 48 906441 12 920646
10
919342 922722 75 982233 3 13 9 814448 840512 93
10
832057 63 806750 51 892269 81 13 4 935415 844235
10
932133 965821 802950 27 93 11 941744 934089 18 1
10
811123 893163 15 952430 807394 5 11 934879 20 78
10
56 955231 29 982723 0 63 87 847612 892997 948373
10
954046 61 35 807361 910858 10 49 926772 818892 14
10
910255 93 854848 35 911588 953572 8 79 100 982104
10
4 963733 63 846071 21 24 74 920654 918037 965773
10
988611 5 98 919700 817869 931904 810244 87 14 39
10
875096 846607 29 58 17 848120 98 822296 16 850354
10
850327 49 808982 64 79 943872 911928 925729 73 35
10
833910 59 97 896209 35 90 883347 60 889732 988979
10
937363 4 930422 51 40 961465 989033 15 51 821021
10
995289 930250 942294 24 92 2 38 871239 826415 29
10
914016 864105 822447 12 1 28 49 932224 801261 77
10
869220 964121 25 63 890189 45 950115 819588 27 46
10
80 836026 47 81 959561 952705 985452 828033 29 9
10
888123 63 90 48 871850 41 940318 978104 996340 38
10
494405 510075 500045 16305 128525 31960 739025 647058 536151 693610
10
518435 788341 244560 168135 238780 96292 184390 764475 66225 231065
8
80233 138900 333426 891775 653600 827955 872520 340550
7
690100 346706 945725 599227 436667 67605 312030
9
377470 285033 253115 597530 243100 769440 509970 589780 762770
10
828675 889640 750455 821145 593520 916310 164900 729105 257135 660045
8
930765 209305 586038 282490 100734 16770 886305 876215
7
142830 915310 133510 671105 652685 564585 8211
9
813540 925115 49051 444221 325583 649730 550270 932205 209935
8
405581 298750 213224 478915 165305 433871 448190 564215
7
419998 633595 861950 24075 656429 550110 732405
7
327189 631315 981895 328325 972122 141668 61311
10
478450 378390 557265 65433 609825 553915 638270 853705 913340 471160
9
535135 991735 925822 55230 323910 104075 12225 97128 755605
7
210050 377660 226150 524835 764610 832773 197215
7
908530 663104 675755 165875 198370 676590 550820
10
697680 45545 707921 36670 914793 675830 550791 335750 166585 715245
8
107630 518345 814105 84913 488969 656110 138675 585015
10
574185 213560 376635 214760 174920 953570 11494 890110 996540 36395
8
688175 661695 598092 165590 506790 381360 794068 276900
5
962589 10318 409205 907926 467307
9
333536 326843 444573 822765 52964 697041 216825 685816 241684
5
576305 982467 688486 643407 152039
6
262461 592308 928522 776520 366507 577357
8
634149 33943 888000 247263 307341 891489 816087 235622
10
977519 558091 190276 568273 680961 757126 792858 840434 66546 980191
10
568952 226703 518472 481779 458448 340699 736873 952269 512894 475821
10
838965 140431 542497 458323 263293 533429 695017 393424 885422 263823
