40
3 2 100
3 5 7
4 8 16
1 20 5 2
4 2 10000
17 3 4 49
7 5 10000
9714 9678 9726 9762 9822 9942 9978
5 3042 3110
7050 7796 4341 2819 2631
6 2 10000
9931 9949 9973 9967 9929 9941
51 156 310
930 31 930 930 31 31 930 31 31 930 930 930 31 930 31 930 31 930 31 31 930 930 31 930 930 930 31 930 930 31 31 930 930 31 930 930 31 31 31 31 930 930 31 930 31 930 31 31 930 31 31
12 2 10000
8633 8633 8633 8633 1 8633 8633 1 8633 1 8633 8633
10 61 119
3600 5040 60 2 4320 6480 15 10 2160 40
100 1 10000
4819 7270 1131 7774 6541 5157 6832 375 4290 715 2924 3301 6901 8229 3613 9363 3493 7123 7821 6110 9602 4094 9955 5159 7217 1189 3471 3517 4672 913 8983 9987 8420 5300 9092 1716 8135 4451 4704 3898 4558 8801 6426 5695 3123 2464 714 2038 3512 4508 6069 1919 4782 1785 5831 7590 1949 5154 1602 3359 6866 6855 1660 4578 624 2249 3523 4847 4970 8711 3959 2536 61 578 5484 2710 1604 1962 5471 7377 3923 1937 3957 6804 6451 5865 9695 9936 9991 7917 9422 5186 4565 882 9067 1138 6588 1776 7470 4081
50 2 10000
1260 720 15 240 70 1008 120 30 3 560 10 7 45 56 84 315 140 1680 280 63 252 336 180 80 72 504 21 840 6 360 48 16 36 12 90 1 2 42 210 35 4 20 630 5040 126 420 18 2520 28 60
5 3769 7854
1351 9470 9262 7866 796
5 2001 2001
2612 5756 3324 3142 3289
5 5132 7856
353 2936 9490 1230 8842
5 1973 9420
624 9210 2877 5565 8464
5 8983 9103
8103 2144 1003 5984 86
5 1608 8703
6951 1777 6790 6146 7687
5 5920 7850
3651 8590 7063 8239 4380
51 3881 7759
7760 3880 7760 3880 7760 3880 3880 7760 7760 3880 3880 3880 3880 3880 7760 7760 7760 7760 7760 7760 7760 3880 3880 7760 3880 3880 3880 7760 3880 7760 3880 7760 3880 7760 3880 7760 3880 7760 3880 3880 3880 7760 3880 7760 3880 3880 7760 7760 7760 7760 7760
5 211 2649
5819 835 4147 4535 3224
2 5001 10000
2500 5000
5 5457 6694
7779 5990 9554 8608 2789
5 9337 9445
7070 3252 4178 9426 5999
10 2 10000
5 15 30 2 3 1 10 7 6 11
5 3438 3659
7404 5732 6498 7818 9672
100 11 30
1410 7860 5460 7680 9810 8010 1920 8910 5400 6360 6120 3300 8040 3600 810 4710 9150 4320 8220 6540 540 4470 6840 2100 8970 3150 6870 6060 8940 6210 1200 4050 3960 7410 3990 5070 8490 2280 4590 8610 1230 9720 2070 2460 6810 2520 2760 5340 7770 5310 1770 2490 7020 9780 2790 4200 5610 9210 7200 7920 3720 3570 5880 1740 2610 4680 3930 8700 3000 330 5730 3810 1710 1170 5100 9270 4350 7800 4830 6990 8670 5220 7530 2820 5970 4560 3690 6930 6480 3900 9510 4530 300 630 4740 1830 6240 3480 1140 9180
5 6909 9702
6334 9267 5389 7612 4473
5 7930 8507
9891 363 7645 8327 6756
3 2 50
3 5 75
10 2 10000
3 5 6 15 1 10 2310 2 11 7
5 2554 6725
4360 9604 8817 9388 4901
10 61 119
4 4680 30 10 2520 1080 15 4320 6480 20
10 8261 9913
4 7 236 118 28 413 826 59 14 2
5 3490 9110
6262 3582 2671 4404 4954
5 8810 9428
2702 9571 7653 4755 9380
13 1 10000
3171 936 1518 5302 8163 3216 7563 9455 5108 6246 8612 4973 4591
100 2 10000
1025 3485 3690 2214 2378 574 1230 984 2460 1763 2583 615 3157 1189 1558 2501 1886 902 2009 3116 1927 2788 2132 943 410 1476 2050 3813 3526 779 656 2419 287 1107 3772 328 3280 738 3854 697 492 2255 2542 1435 3198 1845 2911 1394 2706 82 4018 451 820 3075 1722 123 2091 1804 3567 861 3444 3895 2829 3403 2747 3362 4100 1271 3731 1312 369 1353 3034 205 246 1148 1517 3936 3321 2870 2624 2337 2952 164 1640 1599 3239 3649 2173 4059 2665 1968 533 2296 3608 2993 1681 1066 3977 4141
5 3749 4715
4445 6587 4355 6689 597
5 5122 5168
2984 3688 7680 6314 748
5 4644 8285
5313 6886 1901 5797 5119
