100
5
1 2 3 4 5
3
3 5 6
2
5 6
2
5 5
15
66884 413243 110505 752112 511286 49674 44808 735935 154350 733745 630444 504280 855799 602558 163663
15
573357 400080 248746 137988 423246 376061 772460 268374 398560 946118 620287 661259 687902 910115 206259
2
255021 595746
8
222208 255178 437165 612040 693020 499885 379056 493230
12
547999 542290 148733 199332 84766 941910 828577 62923 693029 374225 663953 437159
3
192923 426423 290860
4
439746 966600 102808 407222
11
949835 604095 646837 231602 407053 524790 871306 668679 371992 880517 614039
4
262781 596772 428671 255984
15
676331 974989 721686 455796 122141 565759 906905 571361 739891 376869 26682 511430 343695 565886 973037
14
6488 5270 5389 9186 84 334 779 4504 9876 9012 5596 9524 7233 8167
3
2194 8559 10749
10
1530 4005 2703 5827 7618 8586 6048 3121 3566 2143
3
1241 9171 9994
15
5099 2776 2773 4694 6409 2942 7228 129 6722 2005 1258 8247 7554 2284 9054
12
9157 967 9531 7706 2353 488 6997 3571 2752 9747 1316 11435
9
9377 630 688 847 2448 3323 4673 3592 15882
9
1788 2930 876 637 4553 4194 6425 9155 14318
3
7178 6263 7727
5
9237 9018 1241 1857 1207
6
9281 3746 4850 9086 7865 1494
10
3012 1939 4726 8957 4843 8934 4941 1043 9679 15936
14
4143 7972 9828 1806 9442 230 329 715 3321 5223 2129 7264 5144 4432
3
906 7055 6149
15
4942 447 4737 4338 5183 5233 3653 2513 5449 2189 2650 2834 6918 5972 5655
9
5330 7189 6779 5283 1909 2143 3311 7346 6504
6
7300 5920 4886 4518 5260 7576
12
8496 2094 2183 6028 5540 6569 2622 2793 997 2869 5640 9239
15
2126 7628 3583 2898 4052 2697 7090 3777 7430 8630 8904 9660 9440 6093 3048
6
6918 4504 209 6153 5968 1302
10
8267 2923 6413 3372 4099 722 3336 4391 5296 9551
3
3766 4332 7770
3
2526 4940 6802
9
6203 3154 2690 7648 8371 9608 6161 7322 699
12
8377 2074 8977 4302 7571 4312 9526 1515 2129 216 7832 8443
3
4156 4027 8071
3
6136 6784 3448
13
3167 1435 8168 4760 8095 8287 371 5339 5520 9190 7365 8801 9742
3
9591 2016 8855
3
4354 8285 12639
9
1254 1347 2685 6241 7723 7485 9607 5220 8524
3
2285 8627 10590
3
5804 2064 7868
2
5757 3319
15
3617 7353 8565 5818 2974 6540 3895 7939 1816 5097 3823 469 5641 900 3941
4
8207 4606 1104 13729
5
6113 842 693 2588 7170
5
1803 320 677 599 1721
3
9753 7479 15150
8
4307 1326 3345 2130 6059 1852 6493 6516
10
7882 4344 7055 5465 6356 5478 6646 9887 2428 15171
14
7407 9679 3072 4425 6675 7656 3683 8786 1308 9917 2159 9357 656 687
4
2179 8274 3994 10059
4
797 5419 3975 5599
11
1538 2829 3840 3825 9029 2979 5361 2853 4405 3427 10138
10
7979 1057 8619 7667 5180 7951 8214 5989 6582 3622
9
7414 964 2563 951 435 8187 6083 6312 6471
13
4730 2087 7204 3012 330 5321 7380 888 6894 2567 6642 8668 12117
4
2259 9145 3334 1937
9
9873 9619 5052 5905 2892 8451 2048 4760 14200
3
7871 4506 3877
3
1778 8559 10141
10
9299 5316 8150 6217 3056 447 3880 4058 3948 9278
13
9588 4001 9061 7557 6664 4544 5638 3344 7121 3394 1604 52 5128
15
5372 9782 974 5564 7622 1797 1015 5349 2355 4618 4224 4345 7239 4449 799
13
1569 8238 257 4666 6033 5556 1376 505 3717 2034 6129 4497 15519
2
6677 2190
5
3813 4773 3398 1005 4843
11
9748 2197 3205 8767 8409 9989 2163 2149 8763 914 9816
9
2068 4234 4827 3413 5283 8576 2405 7446 9122
12
676 8359 7418 4356 9202 5178 8901 1914 1490 48 3229 13557
3
758 2935 2433
14
1745 9753 9603 6548 4085 5775 7506 4003 9943 1321 2599 4660 2517 9580
3
1708 5013 5546
13
8238 9322 2502 7057 8743 3893 9801 8533 9979 9129 4670 7704 9934
13
5890 4690 4855 722 1399 7885 8796 2931 7120 4061 7009 6801 12829
12
9077 7493 2643 4130 5013 6264 8809 2829 3851 6340 2085 2003
13
8449 6256 5856 9796 8146 775 7591 1809 5146 340 2464 7915 3429
15
1992 7680 6249 743 559 4375 6942 7605 8790 5823 4182 7418 831 1754 5269
6
5581 5672 9386 8034 4043 1285
3
75 8163 474
12
3711 7116 3253 5369 6057 9907 7938 2672 8310 1454 9149 12274
11
4751 560 1423 4761 5712 6009 5069 1798 1215 3780 6192
8
5352 8577 9196 4362 314 5759 2161 6331
14
2896 3485 2475 2470 2081 2130 9095 6614 9560 1416 1223 4226 9917 3105
7
3252 2843 1886 1427 954 8124 3160
14
1451 6608 8395 614 5382 2365 1711 8670 3021 964 5881 4087 6046 773
6
8227 8274 5423 7125 5240 8881
14
9375 1983 7303 1461 6708 3507 9323 8188 5185 346 1542 1909 7046 6636
6
5532 3024 3108 4481 6459 6866
4
9001 1122 6701 15718
6
1221 9427 1176 3559 5463 9331
2
9437 5178
10
3416 1419 1416 3798 1798 5538 6967 276 7861 4852
10
9004 1727 2012 569 1356 8136 9488 533 2991 5720
14
8964 8931 3832 977 5043 5293 4218 5333 6816 7205 2875 9191 500 8402
