1000
60597 245088
81737 907956
25390 426911
34146 763023
86873 551284
5128 361109
03380 370278
87278 60473
81025 291010
45941 611706
5873 985181
12918 973351
15662 192250
39816 912557
91355 168850
7731 580692
10491 365756
17050 621262
80870 840694
06114 302281
62370 343286
54578 174298
00693 544459
8468 433588
870 65062
68621 991348
3530 404785
51623 460328
71170 480930
81655 282022
4472 490781
54554 629289
81302 578548
2573 170140
91444 947476
42672 451336
50961 917392
5991 670437
77476 199275
61668 774941
84143 396528
8586 836800
13128 974274
92668 842085
76844 42279
7658 201863
40166 330781
11619 342704
84938 611657
21978 26527
47619 639384
74566 376716
65735 551840
87028 511634
51368 430890
71772 28404
873 733877
96179 324338
71579 73433
12865 641096
34395 347934
59200 787062
31161 214974
96685 772639
50102 8918
02405 881895
37704 581126
83292 823106
48953 291263
762 164190
42068 509488
26052 896989
73746 560507
57996 530080
16567 537053
44293 827462
39656 942675
16151 226223
31519 811431
48244 523161
95852 359323
57681 696090
40335 376241
28490 765353
78498 547680
5110 257028
51171 766749
93806 407036
86077 204316
84345 220783
93205 34982
00405 373574
62444 891176
4164 526207
10916 191424
24323 474028
42589 363754
04443 46104
68002 352470
47269 36077
33440 155385
66160 96215
9990 1980
91744 570546
90960 122076
63573 805708
71603 534706
60012 102657
44048 182433
22740 489488
54125 395259
38349 373265
45390 976065
693 960710
40116 940907
80546 800505
35177 768606
48848 311802
86227 604458
40827 752738
55018 700137
07952 666547
41240 392895
95243 408936
66321 5905
75724 203961
88772 810197
34415 133076
92930 770114
40359 671849
36307 690874
25844 227530
11318 628057
33869 284186
52843 333328
90491 126726
8836 710236
49842 945516
4128 327889
35468 532769
73003 278143
46870 953126
12258 573256
35812 207071
68742 958641
14184 904510
43784 106542
80946 496483
45747 645566
91299 700287
43808 681083
76476 225835
11708 106577
47463 543521
02575 14229
70334 829288
72240 740324
55105 577740
62431 442256
34126 207580
39579 146838
28826 420557
87524 988839
65034 135631
449 332867
26177 435811
06165 79012
06588 859796
81657 495736
79510 564781
09863 790136
82733 69242
16702 354005
74697 979832
81108 255770
08429 841497
62658 178209
66680 601380
58082 937750
34353 635799
15906 27473
00586 325742
97105 378706
11726 569746
09961 616011
2378 422048
54114 44387
21700 365498
46456 146021
9128 3169
19439 416661
36180 470006
46815 804956
16018 822897
13582 263842
49622 857832
93171 640479
28435 409289
85033 846642
64715 22081
87231 46118
04446 741298
06563 169269
83980 788199
52801 925331
26575 998229
40669 582580
92619 303163
41917 321232
59005 500201
48653 765540
9862 429537
26864 562128
57144 566924
33082 980492
44795 818611
17099 69033
77123 572868
87786 164493
27364 89532
59295 213089
94653 620334
88759 419463
67520 575912
77176 176735
69769 487651
7883 401559
51068 150843
86482 477742
62183 734564
64946 46038
02130 561818
35510 169851
36198 520525
63477 333039
91369 218848
99784 974743
97944 208882
62735 703410
3761 702594
26160 829004
78113 668199
98719 179529
6229 253682
30334 265400
59027 596924
28246 864202
32226 58466
88483 635847
13094 732702
91166 46890
6136 819112
17320 779571
64145 548368
70841 371623
66338 736132
44182 178231
51133 155627
58182 196550
27779 402470
13038 95942
74137 962472
32513 706196
69465 691467
11203 502593
78049 227670
04864 12924
15229 481254
09077 848168
06440 403927
59946 334013
17565 31568
29619 1660
78211 711755
02778 255273
61693 496273
42593 63474
50603 411437
4659 870951
71582 443313
87993 50377
45783 834938
50569 654305
80977 620873
55393 353932
32434 229591
50877 720513
76881 666005
62190 404870
09321 643533
01569 339897
84484 374179
12421 764618
28424 102377
8795 518556
64483 562666
65531 10584
67479 840140
65229 572266
17003 794168
09736 406710
23274 359595
52622 352799
28329 298280
41667 292839
64720 709678
59325 316761
43301 349379
77007 969459
62165 260670
48906 156050
74875 886104
70785 744189
2651 84093
19339 77700
70464 816382
5477 996805
86751 983151
98080 477711
09754 605123
13068 774359
20838 561931
94787 581222
3688 352400
00225 34673
65908 689661
14362 896369
38964 845672
23363 617477
53755 367457
87568 276827
03849 871450
97768 68567
91857 120933
56417 428302
23396 823067
53634 32140
80726 492990
84174 552868
10228 447496
25063 821030
46922 577319
14230 194540
03044 678887
22769 897762
71878 802023
0491 15491
86557 96257
87381 728979
04950 493138
08100 377979
35911 919986
4100 772975
76846 441749
96135 654430
24617 78784
42653 771560
24781 598699
65293 505286
41819 363446
16840 222543
4829 893618
04922 270637
75332 999450
78402 982298
60056 234625
94541 58135
69794 797670
00963 549953
63361 775258
26125 928962
297 934140
74473 532730
71934 290982
4158 136603
84490 259502
20494 797148
11619 357063
35872 654349
82945 764424
55388 683649
57308 89296
40304 218578
47896 214381
24084 86978
65204 957656
71201 889671
86576 779144
26299 574738
18044 905794
12593 269609
54050 450708
5597 303343
35379 72768
10413 320270
778 847261
38813 802593
37205 46650
32633 951122
42730 584163
03994 185835
76976 874649
87658 9090
41535 52795
09250 688522
92697 244986
94727 958836
13464 140546
27081 983718
49014 325448
06487 114193
75099 511205
75404 830032
95615 381159
31341 755222
98310 497866
37567 161928
11920 716689
6033 299258
25983 522004
98712 845773
36563 314623
12557 807937
14570 422058
79459 579625
68413 9837
89631 916072
50140 718037
0641 609134
81668 292790
46259 458855
24587 401809
77927 657996
14265 55426
96372 774947
4995 461395
88425 419540
69900 137421
94877 852018
21420 603151
55585 238804
38066 192718
62691 814791
88821 659913
97286 336432
48815 252639
85174 896737
86581 595947
84844 431440
85517 971952
46383 293232
85329 373484
64203 762885
14085 658195
11587 586370
63293 288125
51394 245821
09876 674319
65192 537688
56328 591610
31981 379067
57052 327748
64801 988350
00942 906234
54218 453404
75372 669207
22798 394871
8124 812028
35543 564845
41467 297045
51671 530348
15549 493650
03811 239912
8559 671267
8381 95628
49979 175749
05744 75910
55143 956789
62979 650929
08573 766982
62094 451581
87550 634548
94652 170904
10556 16653
97835 406882
5269 894525
98495 32848
72678 398714
7179 940636
27623 117096
27967 439688
45534 277634
51903 855272
15028 997457
11099 477769
78627 275189
57823 912731
93814 115036
37159 153674
76006 128333
11386 141332
89978 338951
03601 193671
4510 594016
86796 822589
40688 547593
52498 633199
46716 261111
37611 907871
41516 995694
38910 396569
98969 51935
3991 284848
14441 362879
78328 615497
41226 174354
49564 50934
88195 288004
65447 845412
22920 945533
63041 339455
34552 131638
34076 275945
99324 583883
38487 495044
70558 62068
68984 715287
82102 898830
23270 511554
89752 211906
45203 677368
97866 94975
3549 512983
3979 980808
78626 620494
64335 917603
71735 549115
16127 252943
79535 868850
61045 711638
36703 754344
8540 346330
76967 901083
94665 759722
92893 244129
79485 107477
2850 84408
0217 19658
14499 969691
75604 47637
31186 800424
2440 194805
35368 947436
57187 538115
46674 828003
84579 846963
59331 268563
88131 528733
02826 905880
24504 146278
10092 15590
92481 155148
91782 410807
79693 411731
21577 59918
2189 237077
96173 44093
71082 487148
09646 287380
3714 776892
11404 9738
98501 972201
74210 590112
34421 134555
67266 699820
94346 425678
06416 850230
89508 251670
38911 289694
14531 250216
94088 769508
51292 255842
73657 752687
86344 240336
14347 578796
62475 573612
33354 325281
92524 273427
24673 681817
6947 538037
52172 656014
2873 395114
74565 738911
41055 977322
59637 749776
34931 27183
11325 453494
30654 598618
48102 449272
25869 93806
63483 779485
69661 440477
84409 236067
33871 314333
1559 740627
44962 575604
38808 336525
3273 394624
17887 99071
12685 886332
84421 300373
93777 764474
66628 175681
3601 225943
91103 443065
60540 668899
55467 137441
8802 50128
14455 794580
56995 869838
58561 389164
02548 798952
16839 281036
17688 327302
27229 230097
24853 175318
6706 814373
87502 146889
53294 53288
31273 749759
49694 826800
7083 696743
78950 432031
94998 405369
30373 604825
04184 405167
89408 616000
06438 647332
9333 132369
7016 47312
54546 315031
14990 938871
20268 970122
86554 947590
27087 315890
40529 682287
56647 706507
52293 763865
79139 677589
34970 927489
36955 465845
08907 759984
6304 889844
91506 984228
26379 636569
80611 572407
48749 565245
46339 745870
3681 906050
00378 862373
67836 359080
98295 23117
13838 715243
1516 786263
7102 825661
23351 603611
05385 30117
3042 298198
03300 201459
73625 968161
8741 851318
80031 944838
02972 155982
48966 353396
72406 738517
29588 710715
85643 80768
6768 992579
19890 397873
80510 927499
13944 735657
96685 879176
80712 845167
05916 971479
27137 21672
22456 619348
24988 284637
93974 840198
36585 565337
67693 737684
32084 971724
41900 821433
05139 501706
00296 375311
82849 35222
45847 957168
52593 123200
03440 179668
35803 46590
80535 44729
41723 780572
52232 236405
72129 205874
63618 732444
1969 669293
56264 283792
42417 300031
82898 997887
75020 563549
71456 882735
58702 347732
44716 702707
71306 7390
22097 385661
87183 58900
39988 480912
12792 550453
85412 964731
9585 850117
63605 970223
59712 691940
80052 544665
79907 71884
2732 988693
49003 264152
26006 753477
1490 218852
76784 934306
88576 701706
08891 141750
57798 273356
84569 908442
52610 98290
68201 402414
66607 720166
98591 257563
31066 531667
37223 645113
14719 532767
61312 611786
4280 318596
08602 207695
07223 437487
59531 870905
03555 862986
46536 59982
86257 590601
36076 57865
90677 302122
35701 43855
57478 184814
68720 943513
45326 228502
06899 977437
04455 956395
11322 977672
68498 867701
7164 565191
71091 719569
75496 519359
06187 879995
96312 358039
16942 168202
77044 933934
93858 819301
72962 60293
47311 876391
91388 589470
95418 537757
50296 645653
22066 743144
9297 931286
00329 184303
95474 939981
5133 580383
51606 182477
01353 182378
57629 778323
4603 308437
50589 859876
26995 756155
24043 700295
7919 187658
78119 557698
83614 530403
20751 414054
06216 510343
13504 454208
54939 836860
19779 861305
73688 722437
53817 744612
39460 688251
32814 333567
48427 897185
12003 77587
97098 113068
64703 418549
51396 445024
20146 365910
63531 938122
63057 86549
35919 132518
8406 431728
87005 315659
87143 827115
45887 221813
7130 635455
9777 971545
0 368572
23936 532943
5224 710503
98053 8542
01256 761198
19640 928881
2895 190324
3688 618820
29798 102155
55224 917748
81972 436113
06863 715062
54765 214790
02313 800586
2046 66190
29210 228896
31124 646263
88165 495626
03690 353854
87888 364021
53055 88605
89198 165640
05049 872793
21481 122563
06417 117699
80099 913046
34588 957757
15460 350134
22823 655914
189 805870
28720 969224
29805 425474
72580 797126
51267 581675
5037 480570
64876 582235
34482 73716
40653 371322
41612 390440
13465 445555
39755 550323
36517 706934
92220 768205
7958 893416
14908 318984
13060 612940
83955 410270
88118 608667
34104 173235
09672 800049
84932 431171
77890 107909
23219 498730
36209 957331
65103 499898
70059 387880
68039 424756
94161 62829
13046 217156
53075 757038
43853 531042
16259 442749
59360 668745
13767 384581
69702 410025
54453 635039
83662 579158
14389 462231
86015 666241
34005 69812
94314 442097
98281 380192
76461 991998
27938 117845
89674 356487
44003 946115
23634 889516
05907 183682
26831 608060
1857 673989
44785 394438
27981 408964
12986 155994
31542 335921
32260 950208
57925 742215
4153 879354
63389 838006
01442 311154
77461 745329
198 9950
99816 985093
23344 880748
59811 338885
35311 210772
6055 604133
76121 520884
42403 120953
92622 542778
56270 589343
57664 823278
2443 719493
75241 929579
28858 615937
90234 70785
51657 712966
33935 901320
88335 157441
94514 324854
19342 526352
89728 592055
40555 91907
35911 697068
51096 820125
97534 78073
09437 159192
250 782088
93468 941332
05502 420609
48737 41139
85418 428718
19244 136220
07368 286908
04489 195054
15481 922464
10709 894454
72851 715513
50959 127951
20344 394744
96217 325319
20300 126593
15897 740226
77167 143785
16772 903762
60636 813387
21035 917280
06296 427524
00280 207837
40988 982864
5094 988146
40606 820470
91612 893825
21072 465196
6888 209179
55954 867835
73406 946648
32525 10095
15537 823246
05598 425794
92249 112169
74799 979316
32461 84943
23839 49866
42941 786008
16888 527561
72922 203422
25668 308962
80920 169651
90023 921593
24579 224378
54272 386718
23255 409859
9542 331728
26108 427476
75566 736638
77577 185343
36449 306190
51177 420129
23226 862037
39712 467305
6311 313714
02696 397406
04157 847153
21640 61943
15760 501198
60144 283751
1524 544132
95627 283974
46660 558995
70956 890428
04374 335513
63096 938932
29466 59672
25353 320184
1480 872391
61539 264883
35613 951066
39292 348321
51695 248997
56108 844162
74109,256343
