20
46 18
7 11 9 46
112 73
1 5 3 64100
186 75
68 16 539 186
1000000000 100000
999999999 1 999999999 1000000000
28 21
6 5 1 85919
977365070 59489
8 5 9 999966210
164 96
76 2 193 164
1000000000 100000
100000 1 0 1000000000
640834505 28785
3 9 1 999946125
137 49
48 17 461 137
22 21
1 4 869 22
1000000000 100000
99999 1 99999 100000
73 26
5 8 4 54214
177 73
7 7 5 56401
1000000000 1
12 7 74 12
198 81
8 5 7 83495
218492221 46085
3 7 1 999969453
693840425 90561
2 6 7 999957328
1000000000 100000
1 1 1 1000000000
98 59
6 30 524 98
